59
94
91
85
1
91
96
2
21
27
93
98
70
90
15
14
37
83
61
70
51
58
27
87
53
51
37
89
43
3
41
9
79
64
24
47
33
80
98
49
44
99
28
55
52
10
12
38
92
61
28
72
84
72
37
17
43
47
63
50
78
67
70
91
24
45
75
15
55
77
45
92
86
15
59
92
1
83
86
64
34
76
89
27
56
85
81
63
41
8
40
48
79
6
94
14
88
19
10
30

1
1
2
3
6
8
9
10
10
12
14
14
15
15
15
17
19
21
24
24
27
27
27
28
28
30
33
34
37
37
37
38
40
41
41
43
43
44
45
45
47
47
48
49
50
51
51
52
53
55
55
56
58
59
59
61
61
63
63
64
64
67
70
70
70
72
72
75
76
77
78
79
79
80
81
83
83
84
85
85
86
86
87
88
89
89
90
91
91
91
92
92
92
93
94
94
96
98
98
99
